content:
  application/json:
    examples:
      orgs-sle:
        value:
          end: 1643706000
          interval: 3600
          limit: 100
          results:
          - ap-availability: 0.9919400860511628
            ap-health: 0.967607512909879
            capacity: 0.7484652273070254
            coverage: 0.91217567374857
            num_aps: 13
            num_clients: 12
            org_id: 978c48e6-6ef6-11e6-8bbf-02e208b2d34f
            roaming: 0.991735537682683
            roaming-exp: 0.991735537682683
            successful-connect: 0.46052632135780236
            throughput: 0.6775702123846302
            time-to-connect: 0.9349112447196916
          - ap-availability: 0.9990384613092129
            ap-health: 0.48201754375507955
            capacity: 0.9702673450306101
            coverage: 0.8335392334930375
            num_aps: 1
            num_clients: 6
            org_id: 49ff76e0-a283-4e7d-b38d-041f1e9aff3c
            roaming: 1
            roaming-exp: 1
            successful-connect: 1
            throughput: 0
            time-to-connect: 1
          - ap-availability: 1
            ap-health: 0.982456140612301
            capacity: 1
            coverage: 0.9276041182442488
            num_aps: 2
            num_clients: 3
            org_id: 9b9b48f1-15a4-459e-86cc-9cbec9005983
            roaming: 1
            roaming-exp: 1
            successful-connect: 1
            throughput: 1
            time-to-connect: 0.8125
          - ap-availability: 0.9981132070973234
            ap-health: 0.9991228068084047
            capacity: 1
            coverage: 1
            num_aps: 1
            num_clients: 0
            org_id: eb0e1671-7a6b-472b-94c3-c187dafe5274
            roaming: 1
            roaming-exp: 1
            successful-connect: 1
            throughput: 0
            time-to-connect: 0.5
          start: 1643670000
    schema:
      $ref: '../schemas/insight_metrics.yml'
description: OK
title: Insightmetricmsp
