content:
  application/json:
    examples:
      wan-sle:
        value:
          end: 1651323600
          interval: 3600
          limit: 1
          page: 2
          results:
          - application-health: 0.8250000047942866
            gateway-health: 1
            num_clients: 65
            num_gateways: 1
            site_id: f5fcbee5-1234-5678-9101-1619ede87879
            wan-link-health: 0.9988471089272484
          start: 1651269600
          total: 4
      wifi-sle:
        value:
          end: 1651323600
          interval: 3600
          limit: 1
          page: 2
          results:
          - ap-availability: 1
            ap-health: 0.6735632316819553
            capacity: 0.9802900770150502
            coverage: 0.812181632387686
            num_aps: 3
            num_clients: 24
            roaming: 1
            site_id: f5fcbee5-1234-5678-9101-1619ede87879
            successful-connect: 0.9535864983932881
            throughput: 1
            time-to-connect: 0.9791666666666666
          start: 1651269600
          total: 4
      wired-sle:
        value:
          end: 1651323600
          interval: 3600
          limit: 1
          page: 2
          results:
          - num_clients: 6
            num_switches: 1
            site_id: f5fcbee5-1234-5678-9101-1619ede87879
            switch-health: 1
            switch-stc: 1
            switch-throughput: 0.9669529756744796
          start: 1651269600
          total: 4
    schema:
      anyOf:
      - $ref: '../schemas/OrgSiteSleWifiResponse.yml'
      - $ref: '../schemas/OrgSiteSleWiredResponse.yml'
      - $ref: '../schemas/OrgSiteSleWanResponse.yml'
description: Example response
title: Orgsitesle
