content:
  application/json:
    examples:
      with-map_id-query-param:
        value:
        - assets_waits:
            avg: 0
            max: 0
            min: 0
            p95: 0
          clients_waits:
            avg: 1200
            max: 3610
            min: 600
            p95: 2800
          created_time: 1616625211
          id: 123470c7-5d9d-424a-8475-8b344c621234
          map_id: 123449d4-d12f-4feb-b40f-5be0e2ae1234
          modified_time: 1616625211
          name: Zone A
          num_assets: 0
          num_clients: 80
          num_sdkclients: 10
          occupancy_limit: 4
          org_id: 1234c1a0-6ef6-11e6-8bbf-02e208b21234
          sdkclients_waits:
            avg: 1200
            max: 3610
            min: 600
            p95: 2800
          site_id: 123448e6-6ef6-11e6-8bbf-02e208b21234
          vertices:
          - x: 732
            y: 1821
          - x: 732.5
            y: 1731
          - x: 837.5
            y: 1731.5
          - x: 839
            y: 1821
          vertices_m:
          - x: 24.1983341951072
            y: 60.198314985369144
          - x: 24.21486311190714
            y: 57.22310996138056
          - x: 27.685935639893827
            y: 57.23963887818049
          - x: 27.73552239029364
            y: 60.198314985369144
      without-map_id-query-param:
        value:
        - created_time: 1616625211
          id: 123470c7-5d9d-424a-8475-8b344c621234
          map_id: 123449d4-d12f-4feb-b40f-5be0e2ae1234
          modified_time: 1616625211
          name: Zone A
          occupancy_limit: 4
          org_id: 1234c1a0-6ef6-11e6-8bbf-02e208b21234
          site_id: 123448e6-6ef6-11e6-8bbf-02e208b21234
          vertices:
          - x: 732
            y: 1821
          - x: 732.5
            y: 1731
          - x: 837.5
            y: 1731.5
          - x: 839
            y: 1821
          vertices_m:
          - x: 24.1983341951072
            y: 60.198314985369144
          - x: 24.21486311190714
            y: 57.22310996138056
          - x: 27.685935639893827
            y: 57.23963887818049
          - x: 27.73552239029364
            y: 60.198314985369144
    schema:
      items:
        $ref: '../schemas/zone_stats.yml'
      type: array
description: Example response
title: Zonestatsarray
