example:
- x: 24.1983341951072
  y: 60.198314985369144
- x: 24.21486311190714
  y: 57.22310996138056
- x: 27.685935639893827
  y: 57.23963887818049
- x: 27.73552239029364
  y: 60.198314985369144
items:
  $ref: '../schemas/zone-vertex-m.yml'
title: Zone_Vertices_M
type: array
